9.39
9.39
9.39
9.39
9.39
9.39
9.39
9.39
9.39
9.48
9.48
9.48
9.48
9.48
9.48
9.48
9.48
9.48
9.50
9.50
9.50
9.50
9.50
9.50
9.50
9.50
9.73
9.73
9.73
9.73
9.73
9.73
9.73
9.73
9.73
10.25
10.25
10.25
10.25
10.25
10.25
10.25
10.62
10.62
10.62
10.62
10.62
10.62
10.62
11.17
11.17
11.17
11.17
11.17
11.17
11.17
11.48
11.48
11.48
11.48
11.48
11.48
11.48
11.67
11.67
11.67
11.67
11.67
11.67
11.67
11.80
11.80
11.80
11.80
11.80
11.80
11.80
12.07
12.07
12.07
12.07
12.07
12.07
12.07
12.07
12.00
12.00
12.00
12.00
12.00
12.00
12.00
12.18
12.18
12.18
12.18
12.18
12.18
12.18
12.54
12.54
12.54
12.54
12.54
12.54
12.54
12.85
12.85
12.85
12.85
12.85
12.85
12.85
13.12
13.12
13.12
13.12
13.12
13.12
13.12
13.12
13.71
13.71
13.71
13.71
13.71
13.71
13.71
13.85
13.85
13.85
13.85
13.85
13.85
13.85
14.36
14.36
14.36
14.36
14.36
14.36
14.36
14.70
14.70
14.70
14.70
14.70
14.70
14.70
14.95
14.95
14.95
14.95
14.95
14.95
14.95
16.05
16.05
16.05
16.05
16.05
16.05
16.05
17.30
17.30
17.30
17.30
17.30
17.30
17.30
17.78
17.78
17.78
17.78
17.78
17.78
17.78
19.06
19.06
19.06
19.06
19.06
19.06
19.06
19.06
20.07
20.07
20.07
20.07
20.07
20.07
20.07
20.89
20.89
20.89
20.89
20.89
20.89
20.89
21.87
21.87
21.87
21.87
21.87
21.87
21.87
22.95
22.95
22.95
22.95
22.95
22.95
22.95
23.77
23.77
23.77
23.77
23.77
23.77
23.77
25.29
25.29
25.29
25.29
25.29
25.29
25.29
25.98
25.98
25.98
25.98
25.98
25.98
25.98
26.41
26.41
26.41
26.41
26.41
26.41
26.41
27.46
27.46
27.46
27.46
27.46
27.46
27.46
27.46