9.66
9.66
9.66
9.66
9.66
9.66
9.66
9.66
9.66
9.66
9.69
9.69
9.69
9.69
9.69
9.69
9.69
9.69
9.69
10.05
10.05
10.05
10.05
10.05
10.05
10.05
10.05
10.48
10.48
10.48
10.48
10.48
10.48
10.48
11.02
11.02
11.02
11.02
11.02
11.02
11.02
11.45
11.45
11.45
11.45
11.45
11.45
11.45
11.45
11.45
11.45
11.45
11.45
11.45
11.45
11.45
11.94
11.94
11.94
11.94
11.94
11.94
11.94
11.94
12.21
12.21
12.21
12.21
12.21
12.21
12.21
12.65
12.65
12.65
12.65
12.65
12.65
12.65
13.04
13.04
13.04
13.04
13.04
13.04
13.04
13.25
13.25
13.25
13.25
13.25
13.25
13.25
13.67
13.67
13.67
13.67
13.67
13.67
13.67
13.67
14.03
14.03
14.03
14.03
14.03
14.03
14.03
13.98
13.98
13.98
13.98
13.98
13.98
13.98
14.80
14.80
14.80
14.80
14.80
14.80
14.80
15.65
15.65
15.65
15.65
15.65
15.65
15.65
15.65
16.40
16.40
16.40
16.40
16.40
16.40
16.40
16.40
17.57
17.57
17.57
17.57
17.57
17.57
17.57
18.29
18.29
18.29
18.29
18.29
18.29
18.29
19.55
19.55
19.55
19.55
19.55
19.55
19.55
20.51
20.51
20.51
20.51
20.51
20.51
20.51
21.17
21.17
21.17
21.17
21.17
21.17
21.17
21.17
22.40
22.40
22.40
22.40
22.40
22.40
22.40
23.41
23.41
23.41
23.41
23.41
23.41
23.41
23.65
23.65
23.65
23.65
23.65
23.65
23.65
25.42
25.42
25.42
25.42
25.42
25.42
25.42
25.42
25.84
25.84
25.84
25.84
25.84
25.84
25.84
25.84
26.26
26.26
26.26
26.26
26.26
26.26
26.26
26.55
26.55
26.55
26.55
26.55
26.55
26.55