9.48
9.48
9.48
9.48
9.48
9.48
9.48
9.48
9.48
9.83
9.83
9.83
9.83
9.83
9.83
9.83
9.83
10.25
10.25
10.25
10.25
10.25
10.25
10.25
10.65
10.65
10.65
10.65
10.65
10.65
10.65
10.65
11.32
11.32
11.32
11.32
11.32
11.32
11.32
11.32
11.67
11.67
11.67
11.67
11.67
11.67
11.67
12.14
12.14
12.14
12.14
12.14
12.14
12.14
12.58
12.58
12.58
12.58
12.58
12.58
12.58
12.77
12.77
12.77
12.77
12.77
12.77
12.77
12.77
13.54
13.54
13.54
13.54
13.54
13.54
13.54
13.89
13.89
13.89
13.89
13.89
13.89
13.89
14.40
14.40
14.40
14.40
14.40
14.40
14.40
15.26
15.26
15.26
15.26
15.26
15.26
15.26
16.10
16.10
16.10
16.10
16.10
16.10
16.10
16.10
17.23
17.23
17.23
17.23
17.23
17.23
17.23
17.23
19.06
19.06
19.06
19.06
19.06
19.06
19.06
20.07
20.07
20.07
20.07
20.07
20.07
20.07
21.47
21.47
21.47
21.47
21.47
21.47
21.47
22.62
22.62
22.62
22.62
22.62
22.62
22.62
22.62
23.77
23.77
23.77
23.77
23.77
23.77
23.77
23.77
25.56
25.56
25.56
25.56
25.56
25.56
25.56
26.41
26.41
26.41
26.41
26.41
26.41
26.41
27.62
27.62
27.62
27.62
27.62
27.62
27.62
28.60
28.60
28.60
28.60
28.60
28.60
28.60
28.60