9.26
9.26
9.26
9.26
9.26
9.26
9.26
9.26
9.26
9.48
9.48
9.48
9.48
9.48
9.48
9.48
9.48
9.48
9.76
9.76
9.76
9.76
9.76
9.76
9.76
9.76
9.76
10.59
10.59
10.59
10.59
10.59
10.59
10.59
11.41
11.41
11.41
11.41
11.41
11.41
11.41
11.74
11.74
11.74
11.74
11.74
11.74
11.74
12.11
12.11
12.11
12.11
12.11
12.11
12.11
12.11
12.21
12.21
12.21
12.21
12.21
12.21
12.21
12.21
12.81
12.81
12.81
12.81
12.81
12.81
12.81
13.46
13.46
13.46
13.46
13.46
13.46
13.46
13.67
13.67
13.67
13.67
13.67
13.67
13.67
14.45
14.45
14.45
14.45
14.45
14.45
14.45
14.45
15.42
15.42
15.42
15.42
15.42
15.42
15.42
16.46
16.46
16.46
16.46
16.46
16.46
16.46
17.99
17.99
17.99
17.99
17.99
17.99
17.99
19.38
19.38
19.38
19.38
19.38
19.38
19.38
20.33
20.33
20.33
20.33
20.33
20.33
20.33
20.33
21.98
21.98
21.98
21.98
21.98
21.98
21.98
21.98
23.41
23.41
23.41
23.41
23.41
23.41
23.41
25.02
25.02
25.02
25.02
25.02
25.02
25.02
26.55
26.55
26.55
26.55
26.55
26.55
26.55
26.85
26.85
26.85
26.85
26.85
26.85
26.85
27.15
27.15
27.15
27.15
27.15
27.15
27.15
27.78
27.78
27.78
27.78
27.78
27.78
27.78

