9.46
9.46
9.46
9.46
9.46
9.46
9.46
9.46
9.46
9.64
9.64
9.64
9.64
9.64
9.64
9.64
9.64
9.64
9.83
9.83
9.83
9.83
9.83
9.83
9.83
9.83
10.38
10.38
10.38
10.38
10.38
10.38
10.38
10.93
10.93
10.93
10.93
10.93
10.93
10.93
10.93
11.26
11.26
11.26
11.26
11.26
11.26
11.26
11.60
11.60
11.60
11.60
11.60
11.60
11.60
11.84
11.84
11.84
11.84
11.84
11.84
11.84
12.18
12.18
12.18
12.18
12.18
12.18
12.18
12.62
12.62
12.62
12.62
12.62
12.62
12.62
12.62
12.85
12.85
12.85
12.85
12.85
12.85
12.85
13.54
13.54
13.54
13.54
13.54
13.54
13.54
14.36
14.36
14.36
14.36
14.36
14.36
14.36
14.85
14.85
14.85
14.85
14.85
14.85
14.85
14.85
16.34
16.34
16.34
16.34
16.34
16.34
16.34
16.34
17.43
17.43
17.43
17.43
17.43
17.43
17.43
19.06
19.06
19.06
19.06
19.06
19.06
19.06
20.51
20.51
20.51
20.51
20.51
20.51
20.51
21.98
21.98
21.98
21.98
21.98
21.98
21.98
23.29
23.29
23.29
23.29
23.29
23.29
23.29
24.89
24.89
24.89
24.89
24.89
24.89
24.89
26.41
26.41
26.41
26.41
26.41
26.41
26.41
27.00
27.00
27.00
27.00
27.00
27.00
27.00
27.46
27.46
27.46
27.46
27.46
27.46
27.46
27.46
27.94
27.94
27.94
27.94
27.94
27.94
27.94
27.31
27.31

