9.39
9.39
9.39
9.39
9.39
9.39
9.39
9.39
9.57
9.57
9.57
9.57
9.57
9.57
9.57
9.57
9.57
9.76
9.76
9.76
9.76
9.76
9.76
9.76
9.76
9.76
10.02
10.02
10.02
10.02
10.02
10.02
10.02
10.38
10.38
10.38
10.38
10.38
10.38
10.38
10.38
10.79
10.79
10.79
10.79
10.79
10.79
10.79
10.79
11.45
11.45
11.45
11.45
11.45
11.45
11.45
11.80
11.80
11.80
11.80
11.80
11.80
11.80
12.00
12.00
12.00
12.00
12.00
12.00
12.00
12.62
12.62
12.62
12.62
12.62
12.62
12.62
12.62
12.92
12.92
12.92
12.92
12.92
12.92
12.92
12.92
13.25
13.25
13.25
13.25
13.25
13.25
13.25
13.80
13.80
13.80
13.80
13.80
13.80
13.80
14.60
14.60
14.60
14.60
14.60
14.60
14.60
15.99
15.99
15.99
15.99
15.99
15.99
15.99
17.71
17.71
17.71
17.71
17.71
17.71
17.71
18.90
18.90
18.90
18.90
18.90
18.90
18.90
20.51
20.51
20.51
20.51
20.51
20.51
20.51
22.40
22.40
22.40
22.40
22.40
22.40
22.40
23.65
23.65
23.65
23.65
23.65
23.65
23.65
23.65
25.56
25.56
25.56
25.56
25.56
25.56
25.56
27.15
27.15
27.15
27.15
27.15
27.15
27.15
27.46
27.46
27.46
27.46
27.46
27.46
27.46
27.78
27.78
27.78
27.78
27.78
27.78
27.78
27.94
27.94
27.94
27.94
27.94
27.94
27.94
27.94