9.57
9.57
9.57
9.57
9.57
9.57
9.57
9.64
9.64
9.64
9.64
9.64
9.64
9.64
9.64
9.64
9.87
9.87
9.87
9.87
9.87
9.87
9.87
9.87
9.87
10.38
10.38
10.38
10.38
10.38
10.38
10.38
10.96
10.96
10.96
10.96
10.96
10.96
10.96
11.38
11.38
11.38
11.38
11.38
11.38
11.38
12.00
12.00
12.00
12.00
12.00
12.00
12.00
12.00
12.47
12.47
12.47
12.47
12.47
12.47
12.47
12.77
12.77
12.77
12.77
12.77
12.77
12.77
13.17
13.17
13.17
13.17
13.17
13.17
13.17
13.50
13.50
13.50
13.50
13.50
13.50
13.50
14.12
14.12
14.12
14.12
14.12
14.12
14.12
14.12
15.48
15.48
15.48
15.48
15.48
15.48
15.48
16.78
16.78
16.78
16.78
16.78
16.78
16.78
18.51
18.51
18.51
18.51
18.51
18.51
18.51
20.07
20.07
20.07
20.07
20.07
20.07
20.07
20.07
21.57
21.57
21.57
21.57
21.57
21.57
21.57
21.57
23.77
23.77
23.77
23.77
23.77
23.77
23.77
25.98
25.98
25.98
25.98
25.98
25.98
25.98
26.12
26.12
26.12
26.12
26.12
26.12
26.12
27.78
27.78
27.78
27.78
27.78
27.78
27.78
27.15
27.15
27.15
27.15
27.15
27.15
27.15
27.46
27.46
27.46
27.46
27.46
27.46
27.46